solid OpenSCAD_Model
  facet normal 0.8164965809173401 -0.4714045208176194 -0.333333333321173
    outer loop
      vertex -0.707106781115438 0.408248290513541 -0.577350269168009
      vertex 3.17364358756765e-11 0.816496580933508 0.577350269164406
      vertex -0.707106781207082 -0.408248290463961 0.577350269164406
    endloop
  endfacet
  facet normal 0.8164965809385043 0.47140452073208505 0.33333333339029536
    outer loop
      vertex -4.92129780235196e-12 -0.816496580915674 -0.577350269168009
      vertex -0.707106781115438 0.408248290513541 -0.577350269168009
      vertex -0.707106781207082 -0.408248290463961 0.577350269164406
    endloop
  endfacet
  facet normal 0 0.9428090415809319 -0.33333333333653337
    outer loop
      vertex 0.707106781123924 -0.408248290463961 0.577350269164406
      vertex -4.92129780235196e-12 -0.816496580915674 -0.577350269168009
      vertex -0.707106781207082 -0.408248290463961 0.577350269164406
    endloop
  endfacet
  facet normal 0 0 -1
    outer loop
      vertex 3.17364358756765e-11 0.816496580933508 0.577350269164406
      vertex 0.707106781123924 -0.408248290463961 0.577350269164406
      vertex -0.707106781207082 -0.408248290463961 0.577350269164406
    endloop
  endfacet
  facet normal -0.8164965809590813 -0.4714045207439648 -0.3333333333230914
    outer loop
      vertex 0.707106781171781 0.408248290396548 -0.577350269157201
      vertex 0.707106781123924 -0.408248290463961 0.577350269164406
      vertex 3.17364358756765e-11 0.816496580933508 0.577350269164406
    endloop
  endfacet
  facet normal -8.054282593711901e-11 -0.9428090415735775 0.33333333335733484
    outer loop
      vertex -0.707106781115438 0.408248290513541 -0.577350269168009
      vertex 0.707106781171781 0.408248290396548 -0.577350269157201
      vertex 3.17364358756765e-11 0.816496580933508 0.577350269164406
    endloop
  endfacet
  facet normal -0.8164965809277263 0.47140452081207523 0.3333333333035726
    outer loop
      vertex 0.707106781171781 0.408248290396548 -0.577350269157201
      vertex -4.92129780235196e-12 -0.816496580915674 -0.577350269168009
      vertex 0.707106781123924 -0.408248290463961 0.577350269164406
    endloop
  endfacet
  facet normal -7.642425043472369e-12 -4.412356155500323e-12 1
    outer loop
      vertex 0.707106781171781 0.408248290396548 -0.577350269157201
      vertex -0.707106781115438 0.408248290513541 -0.577350269168009
      vertex -4.92129780235196e-12 -0.816496580915674 -0.577350269168009
    endloop
  endfacet
endsolid OpenSCAD_Model
