solid OpenSCAD_Model
  facet normal 0.8164965809178356 -3.665829951575934e-11 0.577350269203613
    outer loop
      vertex 2.44375470626012e-11 3.2756838963728e-12 -0.999999999915912
      vertex -0.7071067810966 0.707106781209727 0
      vertex -0.707106781160094 -0.707106781213002 0
    endloop
  endfacet
  facet normal 0 0.8164965808933969 0.5773502692381742
    outer loop
      vertex 0.707106781135653 -0.707106781213002 0
      vertex 2.44375470626012e-11 3.2756838963728e-12 -0.999999999915912
      vertex -0.707106781160094 -0.707106781213002 0
    endloop
  endfacet
  facet normal 2.853850565428125e-17 0.8164965808933976 -0.5773502692381735
    outer loop
      vertex 2.44389601458139e-11 3.27427081316006e-12 0.999999999915912
      vertex 0.707106781135653 -0.707106781213002 0
      vertex -0.707106781160094 -0.707106781213002 0
    endloop
  endfacet
  facet normal 0.816496580917835 -3.665827097262999e-11 -0.5773502692036138
    outer loop
      vertex -0.7071067810966 0.707106781209727 0
      vertex 2.44389601458139e-11 3.27427081316006e-12 0.999999999915912
      vertex -0.707106781160094 -0.707106781213002 0
    endloop
  endfacet
  facet normal 2.8538982639147504e-17 -0.8164965808971792 0.5773502692328255
    outer loop
      vertex 2.44375470626012e-11 3.2756838963728e-12 -0.999999999915912
      vertex 0.707106781072165 0.707106781209727 0
      vertex -0.7071067810966 0.707106781209727 0
    endloop
  endfacet
  facet normal 0 -0.8164965808971786 -0.5773502692328263
    outer loop
      vertex 0.707106781072165 0.707106781209727 0
      vertex 2.44389601458139e-11 3.27427081316006e-12 0.999999999915912
      vertex -0.7071067810966 0.707106781209727 0
    endloop
  endfacet
  facet normal -0.8164965809460538 -3.665478109745532e-11 0.5773502691637065
    outer loop
      vertex 2.44375470626012e-11 3.2756838963728e-12 -0.999999999915912
      vertex 0.707106781135653 -0.707106781213002 0
      vertex 0.707106781072165 0.707106781209727 0
    endloop
  endfacet
  facet normal -0.8164965809460544 -3.665480964106151e-11 -0.5773502691637056
    outer loop
      vertex 0.707106781135653 -0.707106781213002 0
      vertex 2.44389601458139e-11 3.27427081316006e-12 0.999999999915912
      vertex 0.707106781072165 0.707106781209727 0
    endloop
  endfacet
endsolid OpenSCAD_Model
